8478891
8480289
8478398
8477940
8481019
8480113
8480845
8476392
8476480
8475799
8482149
8476460
8480014
8476331
8477938
8481572
8476525
8477504
8480145
8480049
8479378
8477480
8476945
8477964
8481604
8478403
8476881
8482125
8479353
8476448
8478434
8479550
8478109
8476871
8478462
8481655
8475913
8479980
8478396
8477018
8481527
8475188
8474565
8477447
8480727
8478499
8478492
8479414
8479407
8481032
8475413
8475287
8480002
8481559
8477508
8477073
8478414
8482110
8476474
8476292
8475193
8475455
8476462
8481701
8482684
8480192
8477488
8478399
8478841
8474596
8474593
8473563
8475343
8479400
8479520
8474189
8482148
8478233
8481580
8477947
8483491
8471698
8471214
8481656
8479390
8478440
8477944
8476880
8480823
8474590
8479345
8480796
8475795
8478911
8480873
8477845
8479292
8480313
8481557
8476329
8478493
8475220
8477919
8476867
8477451
8475149
8480259
8478864
8482177
8480880
8482079
8476913
8478508
8475692
8474567
8476463
8480990
8478408
8482122
8475750
8478136
8474716
8470594
8479406
8482661
8482124
8476479
8477942
8477998
8479661
8481560
8477960
8471685
8482155
8481732
8473453
8479675
8480851
8481532
8479998
8477335
8482730
8474563
8476441
8477971
8478882
8481606
8475311
8479496
8480980
8477503
8480995
8475714
8480144
8482720
8478904
8478483
8479318
8482259
8477939
8474157
8471817
8481582
8475166
8481122
8475171
8475825
8476931
8479026
8476853
8475690
8479982
8476899
8476932
8479361
8477493
8477935
8480003
8479981
8478421
8482113
8480185
8477931
8477933
8478542
8482713
8479314
8477409
8484304
8480871
8477932
8478055
8475179
8478859
8477220
8475683
8481519
8478427
8482809
8477478
8480835
8482093
8479370
8480829
8476921
8480039
8480762
8478458
8473533
8480830
8470613
8478970
8476906
8475200
8476958
8479388
8480336
8475883
8481611
8474682
8478042
8477015
8477934
8474641
8475786
8477406
8477953
8478402
8476454
8470621
8481617
8478585
8475784
8480803
8475218
8480834
8476967
8477498
8480831
8479442
8475717
8479973
8474715
8482070
8478519
8479591
8483447
8476878
8476822
8482201
8477404
8479542
8476453
8477426
8478010
8478416
8475167
8482929
8474151
8482655
8480246
8478178
8477992
8476883
8473994
8476278
8482145
8480840
8474149
8475168
8478449
8484829
8482740
8478975
8480027
8475794
8482702
8479351
8483425
8476856
8481581
8480036
8476902
8480878
8480950
8474090
8479193
8479979
8476927
8478444
8478498
8476858
8478856
8478046
8481535
8478057
8481024
8476468
8480012
8484136
8480748
8480459
8480073
8479576
8475762
8479425
8480800
8478454
8474574
8477369
8477967
8480947
8479525
8477494
8484976
8483930
8480448
8481641
8477476
8477492
8479999
8477501
8481186
8478420
8479379
8477425
8475177
8479398
8478430
8481206
8480069
8484258
8476312
8479387
8478038
8478406
8475809
8481556
8479638
8475745
8479365
8479987
8480355
8481043
8477496
8473419
8477956
8480789
8478401
8478443
8476854
8482511
8479325
8477851
8479369
8478450
8477507
8476914
8480280
8474150
8476399
8482679
8482652
8476456
8475172
8477993
8483808
8479066
8477511
8481592
8481028
8479291
8481068
8482074
8478397
8480860
8475197
8479402
8477810
8482624
8481167
8477346
8478435
8481692
8478020
8480208
8476393
8478874
8473512
8479393
8482092
8480064
8482859
8474102
8481596
8481133
8482116
8480801
8480879
8478469
8474612
8475324
8482095
8482105
8482245
8476341
8482447
8476999
8475760
8479619
8483431
8478474
8482699
8480849
8479343
8477021
8481711
8480855
8477070
8477951
8478831
8474145
8474013
8480891
8481609
8483472
8476874
8477541
8479410
8479976
8478971
8483530
8478872
8478569
8478463
8478047
8471675
8479996
8475763
8481481
8471215
8476442
8482055
8479344
8476483
8475810
8481577
8477435
8476891
8480058
8474578
8471724
8477969
8483503
8478854
8477465
8477968
8482737
8477402
8476889
8482077
8478472
8479385
8482089
8476438
8475170
8476897
8480074
8480023
8480281
8477573
8481598
8475753
8475764
8475181
8476892
8481059
8470600
8481006
8476412
8480981
8481553
8480220
8476461
8475235
8480797
8482159
8480028
8477903
8478439
8476872
8484387
8480068
8480015
8482142
8475176
8473446
8477499
8477948
8476372
8481546
8481178
8481035
8478905
8482783
8482665
8477416
8477444
8474586
8476826
8481554
8481789
8477955
8475768
8478466
8478477
8476905
8479293
8480009
8483524
8478407
8482858
8476457
8479372
8477986
8476467
8478916
8475831
8482132
8477380
8475842
8480078
8482157
8481726
8475184
8482109
8478550
8482460
8475191
8476389
8476918
8476459
8478840
8479323
8481708
8479324
8480817
8477244
8482073
8480001
8471734
8478048
8479944
8484149
8482475
8479941
8484166
8476432
8482660
8476374
8478099
8482744
8480893
8477497
8479671
8482451
8482705
8474037
8481716
8481161
8479371
8475790
8480887
8471677
8478500
8476923
8478460
8478007
8480193
8478445
8475231
8477407
8478115
8477392
8481601
8477500
8475314
8481237
8474709
8475754
8476419
8475151
8484958
8479395
8480865
8483448
8476429
8476917
8477506
8476422
8481014
8477405
8478009
8473575
8481013
8477456
8477429
8479337
8478432
8474141
8483464
8477946
8477353
8479992
8482078
8475765
8480813
8475279
8482762
8476979
8475718
8481607
8473507
8481542
8479312
8475660
8484153
8477952
8483445
8478424
8477527
8473986
8481517
8480806
8476934
8482745
8476458
8478873
8478366
8481533
8475208
8475462
8481563
8481605
8483490
8476885
8482803
8480843
8476434
8476981
8476469
8481540
8481523
8477989
8478133
8475848
8482476
8479339
8481618
8479543
8483515
8480018
8478851
8482087
8483457
8476875
8475233
8481593
8482964
8478470
8480051
8484801
8474053
8480848
8482667
8476624
8475798
8479336
8480011
8481042
8479316
8484227
8481477
8475726
8477505
8480188
8476879
8479983
8480043
8482166
8480172
8481567
8478013
8482137
8480382
8477970
8477979
8484145
8481528
8478413
8481522
8483468
8478043
8479359
8480802
8482175
8482097
8479420
8477949
8475722
8480196
8481524
8477365
8480839
8478502
8480035
8482671
8480807
8480045
8473503
8479315
8484144
8477479
8477450
8477987
8473422
8475791
8480798
8474034
8481624
8483493
8482117
8475225
8476882
8482700
8474673
8481806
8477495
8483466
8474166
8476473
8481568
8475852
8482821
8482146
8476887
8476873
8482742
8476539
8477446
8478438
8474679
8475158
8481704
8476925
8482062
8474564
8482111
8483565
8474600
8478468
8474568
8476869
8482482
8481020
8477424
